4294967278,383
62,6
62,5
4294967278,382
62,4
62,3
62,2
62,1
62,0
4294967279,575
61,4
61,3
61,2
61,1
61,0
4294967279,574
60,12
4294967278,381
60,11
4294967279,573
60,10
4294967278,380
4294967278,379
60,9
4294967279,572
60,8
4294967294,1436
4294967278,378
4294967278,377
60,7
4294967279,571
4294967279,570
60,6
4294967278,376
4294967278,375
60,5
60,4
60,3
60,2
60,1
60,0
4294967279,569
4294967294,1435
59,4
59,3
59,2
59,1
59,0
4294967279,568
58,4
58,3
58,2
58,1
58,0
57,4
57,3
57,2
57,1
57,0
56,7
56,6
56,5
56,4
56,3
56,2
56,1
56,0
55,8
55,7
55,6
55,5
4294967294,1434
55,4
55,3
55,2
55,1
55,0
4294967294,1433
54,4
54,3
54,2
54,1
54,0
53,6
53,5
53,4
53,3
53,2
53,1
53,0
52,4
52,3
52,2
52,1
52,0
51,5
4294967294,411
51,4
51,3
51,2
51,1
51,0
50,4
50,3
50,2
50,1
50,0
49,8
49,7
49,6
49,5
49,4
49,3
49,2
49,1
49,0
48,7
48,6
48,5
4294967294,1432
48,4
48,3
48,2
48,1
48,0
4294967278,374
47,5
47,4
47,3
47,2
47,1
47,0
4294967278,373
46,4
46,3
46,2
46,1
46,0
45,9
4294967294,1431
45,8
45,7
45,6
4294967279,567
45,5
45,4
45,3
45,2
45,1
45,0
44,5
44,4
44,3
44,2
44,1
44,0
43,15
43,14
4294967294,1430
43,13
43,12
43,11
43,10
43,9
43,8
43,7
4294967278,372
43,6
4294967279,566
43,5
43,4
43,3
43,2
43,1
43,0
4294967294,410
42,4
42,3
42,2
42,1
42,0
4294967279,565
41,5
41,4
41,3
41,2
41,1
41,0
4294967294,78
4294967279,564
40,5
40,4
40,3
40,2
40,1
40,0
4294967278,371
4294967294,1428
39,4
39,3
39,2
39,1
39,0
38,4
38,3
38,2
38,1
38,0
4294967278,370
4294967278,369
4294967294,1429
37,7
4294967279,563
37,6
37,5
37,4
37,3
37,2
37,1
37,0
36,14
36,13
36,12
4294967279,562
36,11
36,10
36,9
36,8
36,7
36,6
4294967278,368
36,5
36,4
36,3
36,2
36,1
36,0
35,7
4294967279,561
35,6
4294967294,409
35,5
35,4
35,3
35,2
35,1
35,0
4294967279,560
4294967278,367
34,10
4294967294,408
4294967279,559
34,9
34,8
4294967294,407
34,7
4294967279,558
4294967278,366
34,6
4294967294,1427
4294967294,406
34,5
34,4
34,3
34,2
34,1
34,0
4294967294,1426
4294967294,370
4294967278,365
4294967279,557
33,9
4294967278,364
33,8
4294967294,1423
33,7
4294967294,1425
4294967278,363
33,6
4294967278,362
4294967279,556
4294967279,555
33,5
33,4
33,3
33,2
33,1
33,0
4294967278,361
4294967294,1421
4294967278,360
4294967279,554
32,5
32,4
32,3
32,2
32,1
32,0
4294967278,359
31,11
4294967279,553
31,10
4294967294,1424
31,9
4294967278,358
31,8
4294967279,552
31,7
4294967294,1422
4294967278,357
31,6
4294967294,405
4294967279,551
31,5
31,4
4294967278,356
31,3
31,2
31,1
31,0
4294967278,355
4294967279,550
4294967279,549
30,10
4294967278,354
4294967278,353
30,9
4294967294,326
4294967279,548
30,8
4294967279,547
4294967278,352
30,7
4294967278,351
4294967279,546
30,6
30,5
30,4
30,3
30,2
30,1
30,0
29,4
29,3
29,2
29,1
29,0
28,6
28,5
28,4
28,3
28,2
28,1
28,0
4294967279,545
27,5
27,4
27,3
27,2
27,1
27,0
4294967278,350
4294967278,349
4294967279,544
4294967279,543
26,9
4294967294,1420
4294967278,348
4294967278,347
4294967278,346
26,8
4294967279,542
4294967279,541
26,7
4294967278,345
4294967278,344
26,6
4294967279,540
4294967279,539
4294967279,538
26,5
26,4
26,3
26,2
26,1
26,0
4294967279,537
4294967279,536
25,6
4294967279,535
4294967278,343
4294967278,342
25,5
25,4
25,3
25,2
25,1
25,0
4294967278,341
24,7
4294967279,534
24,6
4294967278,340
4294967278,339
24,5
24,4
24,3
24,2
24,1
24,0
4294967279,533
4294967294,1419
4294967279,532
23,6
4294967278,338
4294967279,531
23,5
23,4
23,3
23,2
23,1
23,0
4294967278,337
22,6
4294967279,530
4294967278,336
22,5
22,4
22,3
22,2
22,1
22,0
4294967279,529
4294967279,528
4294967278,335
4294967278,334
21,6
4294967294,404
4294967279,527
4294967279,526
21,5
21,4
21,3
21,2
21,1
21,0
4294967278,333
4294967278,332
4294967279,525
4294967279,524
20,5
20,4
20,3
20,2
20,1
20,0
4294967279,523
19,5
19,4
19,3
19,2
19,1
19,0
18,4
18,3
18,2
18,1
18,0
4294967278,331
4294967279,522
17,5
17,4
17,3
17,2
17,1
17,0
16,8
4294967279,521
4294967278,330
4294967278,329
16,7
4294967278,328
4294967279,520
16,6
4294967294,1418
4294967294,975
4294967279,519
4294967278,327
4294967279,518
16,5
4294967278,326
16,4
16,3
16,2
16,1
16,0
4294967279,517
4294967294,988
4294967279,516
4294967278,325
4294967279,515
4294967279,514
4294967278,324
4294967279,513
15,5
4294967278,323
4294967279,512
4294967278,322
15,4
15,3
15,2
